MP−PELOTAS−T−1.0
800
600
50
150 543.509 0 -4.56139 20 ROJO
384.103 196.833 3.43494 -3.33189 20 ROJO
402.994 293.322 -6.38871 8.32972 20 VERDE
604.388 109.353 3 1 20 VERDE
576.3 59.5178 -0.97 -6.86987 20 VERDE
500.256 78.3358 -3.88 5.6454 20 VERDE
588.606 462.607 15 16 20 VERDE
164.165 327.837 -11.8647 6.5863 20 VERDE
509.556 316.611 -3.88 4.7045 20 VERDE
719.239 393.657 6 8 20 VERDE
736.985 465.99 -3.43494 -3.23193 20 VERDE
82.6995 118.258 12.5399 -1.94 20 VERDE
211.215 179.01 -1.94 2.8227 20 VERDE
244.533 462.413 -7.30138 3.7636 20 VERDE
511.251 222.064 10.3499 -4.85 20 VERDE
499.583 449.837 7.08234 -9.88301 20 VERDE
765.046 168.729 4 12.3941 20 VERDE
729.419 424.647 -1.94 -13.6901 20 VERDE
636.9 549.746 -0.97 -5.1524 20 VERDE
419.789 104.024 -9.7 10.3499 20 VERDE
280.2 442.668 -11.3118 -3.65069 20 VERDE
741.088 477.705 3 17.8771 20 VERDE
758.945 428.358 15.8265 7.08234 20 VERDE
695.568 275.835 2.8227 5.8308 20 VERDE
661.698 366.103 -0.97 -6.86987 20 VERDE
735.717 563.51 17 -16.49 20 VERDE
483.214 57.636 2 10.3499 20 VERDE
175.61 252.537 13.2794 12.3941 20 VERDE
749.634 283.213 -9.7 -12.61 20 VERDE
722.609 324.791 -0.97 6.5863 20 VERDE
701.228 284.4 12.4946 1.8818 20 VERDE
104.564 405.711 -14.4444 -6.01114 20 VERDE
189.722 513.811 2 6 20 VERDE
173.109 303.927 4 6 20 VERDE
512.942 447.531 -9.7 -6.79 20 VERDE
470.372 205.311 5 19 20 VERDE
614.214 293.514 -4.56337 -4.56337 20 VERDE
576.892 116.727 5 9 20 VERDE
213.008 252.914 -10.67 -6.79 20 VERDE
55.7542 565.404 4.7045 -1.94 20 VERDE
606.169 580 -0.97 -12.9239 20 VERDE
315.905 40.4464 8.4681 -13.7397 20 VERDE
724.65 291.058 -3.88 -14.55 20 VERDE
299.263 418.838 -14.6028 -9.12673 20 VERDE
427.954 328.29 -14.5985 3.7636 20 VERDE
454.794 521.825 1 -9.6958 20 VERDE
555.03 77.1301 -13.58 13.1726 20 VERDE
529.3 428.21 11 -15.52 20 VERDE
410.969 162.62 -15.5154 -13.6901 20 VERDE
304 518 18 12 20 VERDE
