50177.702 166.364 0 3.68552 30 ROJO
364.502 502.099 3.04092 2.86121 30 ROJO
430.709 236.192 -1.94 13.2794 30 VERDE
129.237 385.027 -1.94 13.2794 30 VERDE
285.669 350.191 -14.55 3 30 VERDE
272.969 546.72 -14.55 -2.91 30 VERDE
84.514 401.216 14.1135 3 30 VERDE
210.981 546.681 -14.5437 0 30 VERDE
649.817 30 -1.94 11.7562 30 VERDE
89.4594 502.499 -13.6842 -6.46386 30 VERDE
688.52 99.068 -1.94 -12.1197 30 VERDE
413.51 236.192 -1.94 12.4946 30 VERDE
204.326 421.811 14.1135 3 30 VERDE
532.863 279.025 -1.94 12.4946 30 VERDE
658.51 302.632 -14.55 3 30 VERDE
353.328 290.517 -1.94 -12.881 30 VERDE
433.74 308.283 -1.94 -12.1197 30 VERDE
350.232 360.907 -14.55 3 30 VERDE
447.583 454.195 -1.94 12.4946 30 VERDE
517.604 404.505 -14.55 3 30 VERDE
486.585 557.119 -1.94 -12.881 30 VERDE
426.026 416.703 2 13.2794 30 VERDE
447.767 116.163 -13.6842 -6.46386 30 VERDE
232.96 390.504 1 8 30 VERDE
386.778 325.181 -14.55 3 30 VERDE
274.442 82.6904 1 7.5272 30 VERDE
158.095 395.685 14.1135 -2.91 30 VERDE
79.5764 226.84 6.19705 -12.0318 30 VERDE
495.522 336.86 -14.55 3 30 VERDE
515.291 416.372 -14.55 3 30 VERDE
518.815 402.694 -14.55 3 30 VERDE
438.757 431.004 -14.55 3 30 VERDE
369.419 42.4946 2 12.4946 30 VERDE
768.51 287.184 -1.94 -12.881 30 VERDE
555.94 377.785 -14.55 3 30 VERDE
662.194 399.399 -14.55 3 30 VERDE
617.644 371.023 -14.55 3 30 VERDE
547.686 352.065 14.1135 3 30 VERDE
581.126 223.033 -1.94 -12.881 30 VERDE
578.736 204.913 -14.55 3 30 VERDE
761.77 287.315 -1.94 -12.881 30 VERDE
764.24 294.702 2 13.2794 30 VERDE
753.18 317.863 -1.94 12.4946 30 VERDE
722.496 321.256 2 12.4946 30 VERDE
698.376 353.536 14.1135 3 30 VERDE
655.88 348.012 -1.94 12.4946 30 VERDE
653.49 354.507 -1.94 -12.1197 30 VERDE
651.1 336.387 -1.94 -12.881 30 VERDE
608.88 325.733 15 3 30 VERDE
747 330 15 3 30 VERDE
